-864   87   -848   -917   -706   646   726   -594   529   802   -143   774   -791   -8   263   800   923   198   -338   201   79   
-788   -728   734   584   796   -774   585   691   865   802   -603   -265   392   -449   393   -715   -112   801   139   793   227   -234   958   -962
   -51   813   983   -947   320   957   -963   -438   -20   502   939   -215   944   -251   -583   437   -937   359   928   789   -99   521   711   52   -561   -858   873   -390   630   406 
     613   -682   -630   -926   655   -477   509   704   -879   -208   858   180   867   -639   -388   295   809   -980   961   368   -787   586   901   -897   23   456   -758   5   -81   -625   84   820 
       -297   271   545   -930   -198   -263   943   559   -237   -853   852   576   -127   380   -195   -468   -510   542   403   -926   901   -17   -421   -659   746   822   -684   -94   -439   798   178   237
          -916   -720   -112   368   818   -873   -510   -932   -980   191   272   -768   358   944   -902   772   -822   -155   -49   -855   -272   874   -707   -977   -755   -936   -735   -950   182   -412   329   903   884
             207   952   409   -41   386   439   -767   -566   -558   -29   -456   -504   694   116   167   -887   -176   481   -330   849   -261   -296   602   150   -187   -719   -468   411   -195   -875   657   -484   629   -65   -263   267
                -655   -995   248   -847   176   801   609   -494   -989   966   -359   -845   349   -362   -641   -612   -50   519   -673   660   -461   360   616
                   -404   -620   -44   -264   413   -455   258   94   821   -326   -697   290   -904   739   38
                6   314   -465   -387   -547   -953   645   -593   -473
                   -103   -411   -3   -410   379   -890   368   -943   541   -480   -637   -573   -479   -882
                      -730   -851   325   -710   -793   -481   95   966   642   -547   -546   -292   608   468   779   -203   753   -558   936
                         935   -754   769   -472   554   106   -471   68   -697   -313   -197   -374   691   758   -195   75   -528   213   -764   -376   -889
                            -962   -370   117   955   -152   772   373   -712   978   792   -628   322   -864   -982   654   817   502   875   674   665   917   -265   -744   -905   726   292   -538   520   -735   253   316   -230   -197   237   -326   -553 
                              -5   -353   -180   751   -973   -963   117   -844   -655   -791   -541   -71   985   -968   -85   87   -460   401   986   -722   -42   367   458   -759   -237   -788   991   -938   -603   -953   794   -408   322   -884   191   -628
                                 508   -203   805   -701   -680   -196   622   -248   -789   -247   -552   -990   179   -593   350   -709   469   71   -821   -928   985   -426   -879   677   -179   -423   39   325   -608   -679   -538   378   -373   871   -873   687   515   -201   317   -147   -5   553   348   -278   -854   -462   302   105   -716   226   313   555   858   -324   535   819   353   -658   854   -875   722   439   -565   104   371   385   113   -530   260   -526   410   780   224   -255   985   636   739   946   -127   461   -660   914   -983   -747   229   576   -653   150   322   -346   -623   -398   369   -884   906   -994   -968   -876   -34   114   28   508   509   -730   -898   70   -651   789   25   -718   456   -60   -831   538   767   -852   899   212   841   -143   224   -568   -602   -669   -509   666   -897   -852   535   -625   419   -853   -975   -270   -349   -400   803   655   -52   163   -270   -910   -25   608   -417   -484   932   359   92   -716   -1   977   -680   781   -16   -366   944   256   468   384   228   -6   -638   543   -458   -307   546   -22   -217   945   48   -91   -304   -821   -177   -272   535   -950   983   -670   -649   -103   908   -389   754   86   -464   -776   -406   -600   -322   -107   -393   -824   -815   741   -74   -400   -791   -853   701   2   96   -357   534   -683   -629   122   -282   949   687   -533   -244   75   -763   191   -528   -48   561   -757   -52   -669   -411   -911   288   -293   38   -985   313   -339   692   548   -637   -896   513   -715   -167   -62   -586   101   -182   866   347   -155   -282   -653   -847   29   -154   455   -12   883   642   740   463   558   976   544   -779   242   -876   884   70   -346   -907   -462   -343   551   845   -205   293   934   456   -465   -742   507   -534   526   282   -770   -400   848   354   -447   573   415   -686   -842   156   -94   -644   524   682   295   -133   340   -474   -313   483   79   676   721   -698   297   -959   688   -623   -738   598   348   -734   45   927   436   745   255   524   -292   -691   -770   100   -53   -427   129   -629   66   460   889   818   0   701   -891   -625   125   -677   -652   181   450   789   101   -561   649   -990   -660   188   787   890   -986   -261   -322   641   211   -3   -694   -419   123   -844   827   -20   -440   787   -856   -240   -517   -544   -285   -48   -540   -384   897   -440   -49   -802   -825   -643   -410   -701   479   -617   291   913   -352   708   235   -101   456   348   -265   482   -946   629   88   736   115   398   951   -381   -975   359   -159   -214   -605   -625   470   -771   -349   -407   -30   -78   480   507   185   221   79   299   -798   -289   796   47   -281   806   -89   -734   -65   -340   895   482   -778   -894   288   790   -866   -467   623   856   -391   -602   918   -194   188   529   -898   -300   -270   620   756   -273   115   -634   531   368   594   -32   -877   295   -329   -79   167   -510   162   394   743   129   355   61   472   -982   165   -182   264   -938   942   -729   192   36   853   249   -923   79   90   -169   250   137   -919   -143   -32   -774   381   -245   -288   135   -567   218   -789   930   -309   -307   -411   -789   186   -997   375   -38   -172   882   -80   -912   -952   563   -508   217   390   750   692   999   -835   230   -358   -681   533   -418   264   173   475   0   -275   53   -685   -253   -339   637   489   194   -263   -66   -109   691   654   887   33   510   -171   -161   -511   467   -731   301   -728   150   -386   391   -504   -599   -549   -824   776   474   -688   523   1   535   -751   684   371   -407   290   777   653   159   -687   668   -212   -598   532   -471   767   -365   -596   -285   50   627   495   934   -249   -196   -294   -86   -442   -2   633   764   -580   949   -417   -236   93   703   -712   523   715   241   -522   580   -698
   691   335   117   -695   373   486   -89   88   -542   -288   353   169   269   734   953   425